0.00100250626566416
0.00100250626566416
0.00100250626566416
0.00100250626566416
0.00100250626566416
0.00100250626566416
0.00100250626566416
0.00100250626566416
0.00100250626566416
0.00100250626566416
0.00100250626566416
0.00100250626566416
0.00100250626566416
0.00100250626566416
0.00100250626566416
0.00100250626566416
0.00100250626566416
0.00100250626566416
0.00100250626566416
0.00150375939849624
0.00100250626566416
0.00100250626566416
0.00100250626566416
0.00100250626566416
0.00100250626566416
0.00100250626566416
0.00100250626566416
0.00150375939849624
0.00100250626566416
0.00100250626566416
0.00100250626566416
0.00100250626566416
0.00100250626566416
0.00100250626566416
0.00100250626566416
0.00100250626566416
0.00200501253132832
0.00150375939849624
0.00100250626566416
0.00100250626566416
0.00150375939849624
0.00100250626566416
0.00100250626566416
0.00100250626566416
0.00100250626566416
0.00100250626566416
0.00100250626566416
0.00100250626566416
0.00150375939849624
0.00100250626566416
0.00100250626566416
0.00100250626566416
0.00100250626566416
0.00100250626566416
0.00100250626566416
0.00100250626566416
0.00100250626566416
0.00100250626566416
0.00100250626566416
0.00100250626566416
0.00100250626566416
0.00100250626566416
0.00150375939849624
0.00100250626566416
0.00100250626566416
0.00100250626566416
0.00100250626566416
0.00100250626566416
0.00100250626566416
0.00100250626566416
0.00100250626566416
0.00100250626566416
0.00100250626566416
0.00100250626566416
0.00100250626566416
0.00100250626566416
0.0025062656641604
0.00100250626566416
0.00100250626566416
0.00200501253132832
0.00100250626566416
0.00100250626566416
0.00100250626566416
0.00100250626566416
0.00100250626566416
0.00100250626566416
0.00100250626566416
0.00100250626566416
0.0025062656641604
0.00100250626566416
0.00150375939849624
0.00100250626566416
0.00100250626566416
0.00100250626566416
0.00100250626566416
0.00100250626566416
0.00100250626566416
0.00100250626566416
0.00100250626566416
0.00100250626566416
0.0025062656641604
0.00100250626566416
0.00150375939849624
0.00150375939849624
0.00100250626566416
0.00100250626566416
0.00100250626566416
0.00100250626566416
0.00100250626566416
0.00100250626566416
0.00150375939849624
0.00100250626566416
0.00100250626566416
0.00100250626566416
0.00100250626566416
0.00100250626566416
0.00100250626566416
0.00150375939849624
0.00100250626566416
0.00100250626566416
0.00100250626566416
0.00200501253132832
0.00100250626566416
0.00100250626566416
0.00150375939849624
0.00100250626566416
0.00100250626566416
0.00100250626566416
0.00100250626566416
0.00100250626566416
0.00100250626566416
0.00100250626566416
0.00100250626566416
0.00100250626566416
0.00150375939849624
0.00100250626566416
0.00100250626566416
0.00100250626566416
0.00100250626566416
0.00100250626566416
0.00100250626566416
0.00100250626566416
0.00100250626566416
0.00100250626566416
0.00100250626566416
0.00100250626566416
0.00200501253132832
0.00100250626566416
0.00100250626566416
0.00100250626566416
0.00150375939849624
0.00200501253132832
0.00150375939849624
0.00100250626566416
0.00100250626566416
0.00100250626566416
0.00100250626566416
0.00100250626566416
0.00100250626566416
0.00150375939849624
0.00100250626566416
0.00150375939849624
0.00100250626566416
0.00150375939849624
0.00100250626566416
0.00100250626566416
0.00100250626566416
0.00150375939849624
0.00150375939849624
0.00100250626566416
0.00100250626566416
0.00100250626566416
0.00200501253132832
0.00100250626566416
0.00150375939849624
0.00100250626566416
0.00100250626566416
0.00100250626566416
0.00100250626566416
0.00100250626566416
0.00100250626566416
0.00100250626566416
0.00100250626566416
0.00100250626566416
0.00100250626566416
0.00100250626566416
0.00100250626566416
0.00100250626566416
0.00100250626566416
0.00100250626566416
0.00150375939849624
0.00100250626566416
0.00100250626566416
0.00200501253132832
0.00100250626566416
0.00100250626566416
0.00100250626566416
0.0025062656641604
0.00100250626566416
0.00100250626566416
0.00150375939849624
0.00100250626566416
0.00100250626566416
0.00100250626566416
0.00100250626566416
0.00150375939849624
0.00100250626566416
0.00100250626566416
0.00100250626566416
0.00100250626566416
0.00150375939849624
0.00100250626566416
0.00100250626566416
0.00200501253132832
0.00100250626566416
0.00100250626566416
0.00100250626566416
0.00200501253132832
0.00100250626566416
0.00100250626566416
0.00100250626566416
0.00150375939849624
0.00150375939849624
0.00150375939849624
0.00100250626566416
0.00100250626566416
0.00150375939849624
0.00100250626566416
0.00100250626566416
0.00100250626566416
0.0025062656641604
0.00100250626566416
0.00401002506265664
0.00100250626566416
0.00100250626566416
0.00150375939849624
0.00100250626566416
0.00150375939849624
0.00100250626566416
0.00100250626566416
0.00100250626566416
0.00200501253132832
0.00200501253132832
0.00100250626566416
0.00100250626566416
0.00100250626566416
0.00150375939849624
0.0025062656641604
0.00100250626566416
0.00150375939849624
0.00100250626566416
0.00300751879699248
0.00100250626566416
0.00100250626566416
0.00150375939849624
0.00200501253132832
0.00150375939849624
0.00100250626566416
0.00100250626566416
0.00100250626566416
0.00100250626566416
0.0025062656641604
0.00100250626566416
0.00150375939849624
0.00100250626566416
0.00100250626566416
0.00150375939849624
0.00100250626566416
0.00100250626566416
0.00100250626566416
0.00100250626566416
0.00300751879699248
0.00100250626566416
0.00200501253132832
0.00100250626566416
0.00100250626566416
0.00100250626566416
0.00150375939849624
0.00100250626566416
0.00100250626566416
0.00100250626566416
0.00200501253132832
0.00100250626566416
0.00300751879699248
0.00100250626566416
0.00150375939849624
0.00100250626566416
0.00100250626566416
0.00100250626566416
0.00100250626566416
0.00200501253132832
0.00200501253132832
0.00100250626566416
0.00150375939849624
0.00100250626566416
0.00100250626566416
0.00100250626566416
0.00150375939849624
0.00100250626566416
0.00100250626566416
0.00100250626566416
0.00200501253132832
0.00100250626566416
0.00100250626566416
0.00100250626566416
0.00100250626566416
0.00100250626566416
0.00100250626566416
0.00100250626566416
0.00150375939849624
0.00100250626566416
0.00150375939849624
0.00200501253132832
0.00100250626566416
0.00100250626566416
0.00100250626566416
0.00100250626566416
0.00100250626566416
0.00100250626566416
0.00100250626566416
0.00100250626566416
0.00100250626566416
0.00601503759398496
0.00100250626566416
0.00100250626566416
0.00200501253132832
0.00150375939849624
0.00100250626566416
0.00150375939849624
0.00100250626566416
0.00100250626566416
0.00100250626566416
0.00100250626566416
0.00100250626566416
0.00100250626566416
0.00100250626566416
0.00150375939849624
0.00100250626566416
0.00100250626566416
0.00100250626566416
0.00100250626566416
0.00100250626566416
0.00100250626566416
0.00150375939849624
0.0075187969924812
0.00100250626566416
0.00100250626566416
0.00300751879699248
0.00551378446115288
0.0025062656641604
0.00150375939849624
0.00150375939849624
0.00100250626566416
0.00350877192982456
0.0025062656641604
0.00100250626566416
0.00100250626566416
0.00100250626566416
0.00100250626566416
0.00100250626566416
0.00100250626566416
0.00100250626566416
0.00150375939849624
0.00100250626566416
0.00150375939849624
0.00150375939849624
0.00150375939849624
0.00200501253132832
0.00100250626566416
0.00100250626566416
0.00300751879699248
0.00100250626566416
0.00100250626566416
0.00150375939849624
0.00150375939849624
0.00100250626566416
0.00200501253132832
0.0025062656641604
0.0025062656641604
0.00150375939849624
0.00200501253132832
0.00100250626566416
0.00100250626566416
0.00150375939849624
0.00601503759398496
0.00350877192982456
0.00451127819548872
0.00852130325814536
0.0025062656641604
0.00100250626566416
0.0025062656641604
0.00100250626566416
0.00200501253132832
0.00200501253132832
0.00100250626566416
0.0025062656641604
0.00150375939849624
0.00200501253132832
0.00100250626566416
0.00100250626566416
0.00100250626566416
0.00100250626566416
0.00150375939849624
0.00300751879699248
0.00100250626566416
0.00100250626566416
0.00100250626566416
0.00200501253132832
0.00100250626566416
0.00100250626566416
0.00100250626566416
0.00100250626566416
0.00100250626566416
0.00100250626566416
0.0025062656641604
0.00100250626566416
0.00100250626566416
0.00100250626566416
0.00100250626566416
0.00401002506265664
0.00100250626566416
0.00100250626566416
0.00150375939849624
0.00150375939849624
0.00100250626566416
0.00100250626566416
0.00451127819548872
0.00100250626566416
0.00100250626566416
0.00100250626566416
0.00100250626566416
0.00150375939849624
0.00100250626566416
0.00100250626566416
0.00100250626566416
0.00100250626566416
0.00100250626566416
0.00100250626566416
0.0025062656641604
0.00150375939849624
0.00100250626566416
0.00701754385964912
0.00150375939849624
0.00150375939849624
0.00100250626566416
0.00150375939849624
0.00150375939849624
0.0025062656641604
0.00100250626566416
0.00100250626566416
0.00100250626566416
0.00100250626566416
0.00100250626566416
0.00100250626566416
0.00401002506265664
0.00150375939849624
0.00100250626566416
0.00401002506265664
0.00150375939849624
0.00100250626566416
0.00150375939849624
0.00200501253132832
0.00200501253132832
0.0025062656641604
0.00100250626566416
0.00100250626566416
0.00150375939849624
0.0025062656641604
0.00200501253132832
0.0205513784461153
0.00200501253132832
0.00150375939849624
0.00150375939849624
0.00150375939849624
0.00150375939849624
0.00150375939849624
0.00401002506265664
0.00150375939849624
0.00150375939849624
0.00100250626566416
0.00200501253132832
0.0050125313283208
0.0025062656641604
0.00401002506265664
0.00601503759398496
0.0050125313283208
0.00150375939849624
0.00150375939849624
0.00150375939849624
0.00150375939849624
0.00150375939849624
0.00150375939849624
