0.000960153624579933
0.000960153624579933
0.000960153624579933
0.000960153624579933
0.000960153624579933
0.0014402304368699
0.000960153624579933
0.000960153624579933
0.000960153624579933
0.000960153624579933
0.000960153624579933
0.000960153624579933
0.000960153624579933
0.000960153624579933
0.000960153624579933
0.000960153624579933
0.000960153624579933
0.000960153624579933
0.000960153624579933
0.000960153624579933
0.000960153624579933
0.000960153624579933
0.000960153624579933
0.000960153624579933
0.000960153624579933
0.000960153624579933
0.000960153624579933
0.000960153624579933
0.000960153624579933
0.000960153624579933
0.000960153624579933
0.000960153624579933
0.000960153624579933
0.000960153624579933
0.000960153624579933
0.000960153624579933
0.000960153624579933
0.00192030724915987
0.000960153624579933
0.000960153624579933
0.0014402304368699
0.000960153624579933
0.000960153624579933
0.000960153624579933
0.000960153624579933
0.000960153624579933
0.000960153624579933
0.000960153624579933
0.000960153624579933
0.000960153624579933
0.000960153624579933
0.0014402304368699
0.000960153624579933
0.000960153624579933
0.000960153624579933
0.000960153624579933
0.000960153624579933
0.000960153624579933
0.000960153624579933
0.000960153624579933
0.000960153624579933
0.000960153624579933
0.000960153624579933
0.000960153624579933
0.000960153624579933
0.000960153624579933
0.000960153624579933
0.000960153624579933
0.000960153624579933
0.000960153624579933
0.000960153624579933
0.000960153624579933
0.000960153624579933
0.000960153624579933
0.0014402304368699
0.0014402304368699
0.000960153624579933
0.0014402304368699
0.000960153624579933
0.000960153624579933
0.000960153624579933
0.000960153624579933
0.000960153624579933
0.000960153624579933
0.0014402304368699
0.000960153624579933
0.000960153624579933
0.000960153624579933
0.000960153624579933
0.0014402304368699
0.000960153624579933
0.0014402304368699
0.0014402304368699
0.0014402304368699
0.000960153624579933
0.000960153624579933
0.000960153624579933
0.000960153624579933
0.000960153624579933
0.0014402304368699
0.0014402304368699
0.000960153624579933
0.000960153624579933
0.000960153624579933
0.0014402304368699
0.000960153624579933
0.00336053768602976
0.0014402304368699
0.000960153624579933
0.000960153624579933
0.00240038406144983
0.0014402304368699
0.000960153624579933
0.000960153624579933
0.000960153624579933
0.000960153624579933
0.000960153624579933
0.00192030724915987
0.000960153624579933
0.000960153624579933
0.000960153624579933
0.000960153624579933
0.000960153624579933
0.000960153624579933
0.000960153624579933
0.000960153624579933
0.000960153624579933
0.000960153624579933
0.000960153624579933
0.000960153624579933
0.000960153624579933
0.000960153624579933
0.000960153624579933
0.000960153624579933
0.000960153624579933
0.000960153624579933
0.000960153624579933
0.000960153624579933
0.000960153624579933
0.000960153624579933
0.000960153624579933
0.000960153624579933
0.000960153624579933
0.000960153624579933
0.000960153624579933
0.000960153624579933
0.000960153624579933
0.000960153624579933
0.000960153624579933
0.000960153624579933
0.000960153624579933
0.000960153624579933
0.000960153624579933
0.000960153624579933
0.000960153624579933
0.000960153624579933
0.000960153624579933
0.000960153624579933
0.000960153624579933
0.0014402304368699
0.000960153624579933
0.000960153624579933
0.000960153624579933
0.000960153624579933
0.0014402304368699
0.000960153624579933
0.000960153624579933
0.000960153624579933
0.000960153624579933
0.000960153624579933
0.000960153624579933
0.000960153624579933
0.000960153624579933
0.000960153624579933
0.000960153624579933
0.000960153624579933
0.000960153624579933
0.000960153624579933
0.000960153624579933
0.000960153624579933
0.000960153624579933
0.000960153624579933
0.000960153624579933
0.000960153624579933
0.000960153624579933
0.000960153624579933
0.000960153624579933
0.000960153624579933
0.000960153624579933
0.0014402304368699
0.0014402304368699
0.000960153624579933
0.000960153624579933
0.000960153624579933
0.000960153624579933
0.000960153624579933
0.000960153624579933
0.00192030724915987
0.000960153624579933
0.000960153624579933
0.00192030724915987
0.000960153624579933
0.000960153624579933
0.0014402304368699
0.000960153624579933
0.0014402304368699
0.0014402304368699
0.000960153624579933
0.000960153624579933
0.0014402304368699
0.0014402304368699
0.000960153624579933
0.000960153624579933
0.0014402304368699
0.0014402304368699
0.000960153624579933
0.000960153624579933
0.0014402304368699
0.000960153624579933
0.000960153624579933
0.000960153624579933
0.000960153624579933
0.000960153624579933
0.000960153624579933
0.000960153624579933
0.000960153624579933
0.0014402304368699
0.00192030724915987
0.000960153624579933
0.0014402304368699
0.000960153624579933
0.000960153624579933
0.0014402304368699
0.000960153624579933
0.000960153624579933
0.000960153624579933
0.000960153624579933
0.000960153624579933
0.00192030724915987
0.000960153624579933
0.000960153624579933
0.000960153624579933
0.000960153624579933
0.000960153624579933
0.000960153624579933
0.000960153624579933
0.0014402304368699
0.000960153624579933
0.000960153624579933
0.000960153624579933
0.000960153624579933
0.000960153624579933
0.000960153624579933
0.000960153624579933
0.000960153624579933
0.000960153624579933
0.000960153624579933
0.000960153624579933
0.000960153624579933
0.00192030724915987
0.000960153624579933
0.000960153624579933
0.00192030724915987
0.000960153624579933
0.000960153624579933
0.00192030724915987
0.000960153624579933
0.000960153624579933
0.000960153624579933
0.000960153624579933
0.000960153624579933
0.000960153624579933
0.000960153624579933
0.000960153624579933
0.000960153624579933
0.00192030724915987
0.0014402304368699
0.0014402304368699
0.000960153624579933
0.00192030724915987
0.000960153624579933
0.000960153624579933
0.000960153624579933
0.0014402304368699
0.0014402304368699
0.000960153624579933
0.000960153624579933
0.000960153624579933
0.000960153624579933
0.000960153624579933
0.00192030724915987
0.000960153624579933
0.0014402304368699
0.000960153624579933
0.000960153624579933
0.000960153624579933
0.000960153624579933
0.000960153624579933
0.0014402304368699
0.000960153624579933
0.000960153624579933
0.0014402304368699
0.000960153624579933
0.000960153624579933
0.000960153624579933
0.000960153624579933
0.00240038406144983
0.000960153624579933
0.0014402304368699
0.0014402304368699
0.0014402304368699
0.000960153624579933
0.000960153624579933
0.000960153624579933
0.00192030724915987
0.000960153624579933
0.000960153624579933
0.000960153624579933
0.0014402304368699
0.00336053768602976
0.0014402304368699
0.000960153624579933
0.0014402304368699
0.000960153624579933
0.0014402304368699
0.000960153624579933
0.000960153624579933
0.000960153624579933
0.00192030724915987
0.000960153624579933
0.0014402304368699
0.000960153624579933
0.000960153624579933
0.000960153624579933
0.000960153624579933
0.000960153624579933
0.000960153624579933
0.0014402304368699
0.0014402304368699
0.000960153624579933
0.0014402304368699
0.000960153624579933
0.0014402304368699
0.000960153624579933
0.00240038406144983
0.00240038406144983
0.000960153624579933
0.000960153624579933
0.000960153624579933
0.000960153624579933
0.000960153624579933
0.00192030724915987
0.0014402304368699
0.00192030724915987
0.000960153624579933
0.000960153624579933
0.0014402304368699
0.00192030724915987
0.00192030724915987
0.00192030724915987
0.000960153624579933
0.000960153624579933
0.0014402304368699
0.000960153624579933
0.000960153624579933
0.00192030724915987
0.0028804608737398
0.000960153624579933
0.000960153624579933
0.000960153624579933
0.000960153624579933
0.0028804608737398
0.00240038406144983
0.0014402304368699
0.000960153624579933
0.000960153624579933
0.000960153624579933
0.000960153624579933
0.000960153624579933
0.000960153624579933
0.000960153624579933
0.0014402304368699
0.000960153624579933
0.00624099855976956
0.0028804608737398
0.000960153624579933
0.0014402304368699
0.00384061449831973
0.00384061449831973
0.000960153624579933
0.00384061449831973
0.00480076812289966
0.0014402304368699
0.000960153624579933
0.0014402304368699
0.0057609217474796
0.0014402304368699
0.000960153624579933
0.00960153624579933
0.000960153624579933
0.000960153624579933
0.000960153624579933
0.0028804608737398
0.00240038406144983
0.000960153624579933
0.0014402304368699
0.0014402304368699
0.0014402304368699
0.000960153624579933
0.000960153624579933
0.000960153624579933
0.00480076812289966
0.000960153624579933
0.000960153624579933
0.00192030724915987
0.00192030724915987
0.0014402304368699
0.0028804608737398
0.0014402304368699
0.00192030724915987
0.000960153624579933
0.00192030724915987
0.000960153624579933
0.000960153624579933
0.000960153624579933
0.0014402304368699
0.000960153624579933
0.0014402304368699
0.000960153624579933
0.000960153624579933
0.000960153624579933
0.0014402304368699
0.0014402304368699
0.000960153624579933
0.0014402304368699
0.000960153624579933
0.0014402304368699
0.00192030724915987
0.000960153624579933
0.000960153624579933
0.000960153624579933
0.0014402304368699
0.0014402304368699
0.00384061449831973
0.00240038406144983
0.00864138262121939
0.00192030724915987
0.000960153624579933
0.000960153624579933
0.00336053768602976
0.000960153624579933
0.000960153624579933
0.00192030724915987
0.00240038406144983
0.0043206913106097
0.00480076812289966
0.000960153624579933
0.00240038406144983
0.000960153624579933
0.000960153624579933
0.00192030724915987
0.000960153624579933
0.000960153624579933
0.000960153624579933
0.000960153624579933
0.000960153624579933
0.00192030724915987
0.000960153624579933
0.00192030724915987
0.000960153624579933
0.000960153624579933
0.000960153624579933
0.000960153624579933
0.000960153624579933
0.000960153624579933
0.000960153624579933
0.000960153624579933
0.0014402304368699
0.0014402304368699
0.0014402304368699
0.0014402304368699
0.0014402304368699
0.00384061449831973
0.0105616898703793
0.000960153624579933
0.0014402304368699
0.0014402304368699
0.000960153624579933
0.0014402304368699
0.00192030724915987
0.000960153624579933
0.000960153624579933
0.00336053768602976
0.0014402304368699
0.00336053768602976
0.000960153624579933
0.0014402304368699
0.000960153624579933
0.000960153624579933
0.00336053768602976
0.0014402304368699
0.0014402304368699
0.000960153624579933
0.0014402304368699
0.0014402304368699
0.00192030724915987
0.000960153624579933
0.000960153624579933
0.000960153624579933
0.000960153624579933
0.00528084493518963
0.000960153624579933
0.000960153624579933
0.0028804608737398
0.000960153624579933
0.0014402304368699
0.0014402304368699
0.0014402304368699
0.000960153624579933
0.0187229956793087
0.00192030724915987
0.000960153624579933
0.00240038406144983
0.0014402304368699
0.000960153624579933
0.000960153624579933
0.00192030724915987
0.0057609217474796
0.00240038406144983
0.00336053768602976
0.00528084493518963
0.00480076812289966
0.0014402304368699
0.0014402304368699
0.0014402304368699
0.0014402304368699
0.0014402304368699
0.0014402304368699
