0.000892458723784025
0.000892458723784025
0.000892458723784025
0.000892458723784025
0.000892458723784025
0.000892458723784025
0.000892458723784025
0.000892458723784025
0.000892458723784025
0.000892458723784025
0.000892458723784025
0.00133868808567604
0.000892458723784025
0.000892458723784025
0.00133868808567604
0.000892458723784025
0.000892458723784025
0.000892458723784025
0.000892458723784025
0.000892458723784025
0.000892458723784025
0.000892458723784025
0.00133868808567604
0.000892458723784025
0.000892458723784025
0.000892458723784025
0.000892458723784025
0.000892458723784025
0.000892458723784025
0.000892458723784025
0.000892458723784025
0.000892458723784025
0.000892458723784025
0.000892458723784025
0.00178491744756805
0.000892458723784025
0.000892458723784025
0.00133868808567604
0.000892458723784025
0.000892458723784025
0.000892458723784025
0.000892458723784025
0.000892458723784025
0.000892458723784025
0.000892458723784025
0.000892458723784025
0.000892458723784025
0.000892458723784025
0.000892458723784025
0.000892458723784025
0.000892458723784025
0.000892458723784025
0.000892458723784025
0.000892458723784025
0.000892458723784025
0.000892458723784025
0.000892458723784025
0.000892458723784025
0.000892458723784025
0.000892458723784025
0.000892458723784025
0.00133868808567604
0.00178491744756805
0.000892458723784025
0.00133868808567604
0.00178491744756805
0.00133868808567604
0.000892458723784025
0.00133868808567604
0.000892458723784025
0.000892458723784025
0.000892458723784025
0.000892458723784025
0.000892458723784025
0.000892458723784025
0.000892458723784025
0.000892458723784025
0.000892458723784025
0.000892458723784025
0.000892458723784025
0.000892458723784025
0.00133868808567604
0.000892458723784025
0.000892458723784025
0.000892458723784025
0.000892458723784025
0.000892458723784025
0.000892458723784025
0.000892458723784025
0.000892458723784025
0.000892458723784025
0.000892458723784025
0.000892458723784025
0.000892458723784025
0.000892458723784025
0.000892458723784025
0.000892458723784025
0.000892458723784025
0.00178491744756805
0.00133868808567604
0.000892458723784025
0.000892458723784025
0.000892458723784025
0.00133868808567604
0.000892458723784025
0.000892458723784025
0.00133868808567604
0.000892458723784025
0.000892458723784025
0.00133868808567604
0.000892458723784025
0.000892458723784025
0.000892458723784025
0.000892458723784025
0.000892458723784025
0.000892458723784025
0.000892458723784025
0.000892458723784025
0.000892458723784025
0.000892458723784025
0.000892458723784025
0.000892458723784025
0.000892458723784025
0.000892458723784025
0.000892458723784025
0.000892458723784025
0.000892458723784025
0.000892458723784025
0.000892458723784025
0.000892458723784025
0.00133868808567604
0.000892458723784025
0.000892458723784025
0.000892458723784025
0.000892458723784025
0.00178491744756805
0.000892458723784025
0.000892458723784025
0.000892458723784025
0.00178491744756805
0.000892458723784025
0.000892458723784025
0.000892458723784025
0.00178491744756805
0.00133868808567604
0.00133868808567604
0.00133868808567604
0.000892458723784025
0.00133868808567604
0.000892458723784025
0.00133868808567604
0.000892458723784025
0.00223114680946006
0.000892458723784025
0.000892458723784025
0.000892458723784025
0.000892458723784025
0.000892458723784025
0.000892458723784025
0.000892458723784025
0.000892458723784025
0.000892458723784025
0.000892458723784025
0.000892458723784025
0.000892458723784025
0.00133868808567604
0.000892458723784025
0.00133868808567604
0.000892458723784025
0.000892458723784025
0.000892458723784025
0.00178491744756805
0.000892458723784025
0.000892458723784025
0.000892458723784025
0.000892458723784025
0.000892458723784025
0.000892458723784025
0.000892458723784025
0.000892458723784025
0.000892458723784025
0.000892458723784025
0.000892458723784025
0.000892458723784025
0.00133868808567604
0.00133868808567604
0.00133868808567604
0.000892458723784025
0.000892458723784025
0.000892458723784025
0.000892458723784025
0.00223114680946006
0.00133868808567604
0.00133868808567604
0.000892458723784025
0.000892458723784025
0.00133868808567604
0.00133868808567604
0.000892458723784025
0.00133868808567604
0.000892458723784025
0.000892458723784025
0.000892458723784025
0.000892458723784025
0.000892458723784025
0.000892458723784025
0.000892458723784025
0.000892458723784025
0.000892458723784025
0.000892458723784025
0.000892458723784025
0.000892458723784025
0.00178491744756805
0.000892458723784025
0.000892458723784025
0.000892458723784025
0.000892458723784025
0.000892458723784025
0.00133868808567604
0.000892458723784025
0.000892458723784025
0.000892458723784025
0.000892458723784025
0.000892458723784025
0.000892458723784025
0.000892458723784025
0.00178491744756805
0.000892458723784025
0.000892458723784025
0.000892458723784025
0.000892458723784025
0.000892458723784025
0.000892458723784025
0.000892458723784025
0.000892458723784025
0.000892458723784025
0.000892458723784025
0.00133868808567604
0.00178491744756805
0.000892458723784025
0.00223114680946006
0.00312360553324409
0.000892458723784025
0.000892458723784025
0.000892458723784025
0.000892458723784025
0.000892458723784025
0.000892458723784025
0.000892458723784025
0.000892458723784025
0.00133868808567604
0.00133868808567604
0.000892458723784025
0.000892458723784025
0.000892458723784025
0.000892458723784025
0.000892458723784025
0.000892458723784025
0.000892458723784025
0.0035698348951361
0.00133868808567604
0.000892458723784025
0.000892458723784025
0.00178491744756805
0.00178491744756805
0.00133868808567604
0.000892458723784025
0.000892458723784025
0.000892458723784025
0.000892458723784025
0.00133868808567604
0.00178491744756805
0.000892458723784025
0.000892458723784025
0.000892458723784025
0.00133868808567604
0.000892458723784025
0.000892458723784025
0.00223114680946006
0.000892458723784025
0.000892458723784025
0.000892458723784025
0.000892458723784025
0.000892458723784025
0.00178491744756805
0.00133868808567604
0.000892458723784025
0.00133868808567604
0.000892458723784025
0.000892458723784025
0.000892458723784025
0.00133868808567604
0.000892458723784025
0.000892458723784025
0.000892458723784025
0.000892458723784025
0.000892458723784025
0.000892458723784025
0.000892458723784025
0.00133868808567604
0.000892458723784025
0.000892458723784025
0.000892458723784025
0.000892458723784025
0.000892458723784025
0.000892458723784025
0.000892458723784025
0.000892458723784025
0.000892458723784025
0.000892458723784025
0.000892458723784025
0.000892458723784025
0.000892458723784025
0.000892458723784025
0.000892458723784025
0.00178491744756805
0.000892458723784025
0.000892458723784025
0.000892458723784025
0.000892458723784025
0.000892458723784025
0.00133868808567604
0.00490852298081214
0.00133868808567604
0.000892458723784025
0.00267737617135207
0.000892458723784025
0.00267737617135207
0.00133868808567604
0.00133868808567604
0.00178491744756805
0.000892458723784025
0.000892458723784025
0.00267737617135207
0.000892458723784025
0.000892458723784025
0.00133868808567604
0.00223114680946006
0.00133868808567604
0.000892458723784025
0.000892458723784025
0.00133868808567604
0.00133868808567604
0.00133868808567604
0.00133868808567604
0.000892458723784025
0.00133868808567604
0.000892458723784025
0.000892458723784025
0.00133868808567604
0.000892458723784025
0.00133868808567604
0.000892458723784025
0.00178491744756805
0.00133868808567604
0.00133868808567604
0.00133868808567604
0.000892458723784025
0.000892458723784025
0.00133868808567604
0.00178491744756805
0.000892458723784025
0.00133868808567604
0.000892458723784025
0.000892458723784025
0.000892458723784025
0.000892458723784025
0.000892458723784025
0.000892458723784025
0.000892458723784025
0.000892458723784025
0.000892458723784025
0.000892458723784025
0.00133868808567604
0.00133868808567604
0.00312360553324409
0.000892458723784025
0.00178491744756805
0.00223114680946006
0.000892458723784025
0.00178491744756805
0.000892458723784025
0.00178491744756805
0.00401606425702811
0.00133868808567604
0.000892458723784025
0.00446229361892013
0.000892458723784025
0.000892458723784025
0.00267737617135207
0.00223114680946006
0.00133868808567604
0.000892458723784025
0.000892458723784025
0.000892458723784025
0.00133868808567604
0.00401606425702811
0.00133868808567604
0.00133868808567604
0.000892458723784025
0.000892458723784025
0.00312360553324409
0.00178491744756805
0.00446229361892013
0.00133868808567604
0.000892458723784025
0.00133868808567604
0.000892458723784025
0.000892458723784025
0.00267737617135207
0.00892458723784025
0.00178491744756805
0.00133868808567604
0.000892458723784025
0.000892458723784025
0.00312360553324409
0.000892458723784025
0.000892458723784025
0.000892458723784025
0.00580098170459616
0.00267737617135207
0.00133868808567604
0.00133868808567604
0.00133868808567604
0.00178491744756805
0.00133868808567604
0.00267737617135207
0.00223114680946006
0.00133868808567604
0.00133868808567604
0.000892458723784025
0.000892458723784025
0.000892458723784025
0.00133868808567604
0.00133868808567604
0.00178491744756805
0.000892458723784025
0.000892458723784025
0.000892458723784025
0.000892458723784025
0.000892458723784025
0.00223114680946006
0.0116019634091923
0.00133868808567604
0.00178491744756805
0.000892458723784025
0.00133868808567604
0.00133868808567604
0.00133868808567604
0.00133868808567604
0.000892458723784025
0.000892458723784025
0.000892458723784025
0.000892458723784025
0.000892458723784025
0.000892458723784025
0.000892458723784025
0.000892458723784025
0.000892458723784025
0.00223114680946006
0.00267737617135207
0.00267737617135207
0.000892458723784025
0.0035698348951361
0.00981704596162427
0.00133868808567604
0.00178491744756805
0.00223114680946006
0.000892458723784025
0.000892458723784025
0.000892458723784025
0.000892458723784025
0.00223114680946006
0.00133868808567604
0.00223114680946006
0.00133868808567604
0.00133868808567604
0.00133868808567604
0.00267737617135207
0.00178491744756805
0.00223114680946006
0.000892458723784025
0.00133868808567604
0.00133868808567604
0.000892458723784025
0.000892458723784025
0.000892458723784025
0.00178491744756805
0.000892458723784025
0.000892458723784025
0.000892458723784025
0.00133868808567604
0.00178491744756805
0.000892458723784025
0.000892458723784025
0.000892458723784025
0.000892458723784025
0.00133868808567604
0.00178491744756805
0.00178491744756805
0.000892458723784025
0.000892458723784025
0.00223114680946006
0.000892458723784025
0.00178491744756805
0.000892458723784025
0.000892458723784025
0.000892458723784025
0.00223114680946006
0.000892458723784025
0.0116019634091923
0.00803212851405622
0.000892458723784025
0.00178491744756805
0.00223114680946006
0.00133868808567604
0.000892458723784025
0.00178491744756805
0.00133868808567604
0.00133868808567604
0.00267737617135207
0.00133868808567604
0.000892458723784025
0.00133868808567604
0.00178491744756805
0.00133868808567604
0.00178491744756805
0.00133868808567604
0.000892458723784025
0.00133868808567604
0.00223114680946006
0.000892458723784025
0.000892458723784025
0.000892458723784025
0.00133868808567604
0.0035698348951361
0.00669344042838019
0.0263275323516287
0.000892458723784025
0.00178491744756805
0.00490852298081214
0.00178491744756805
0.000892458723784025
0.00267737617135207
0.00178491744756805
0.00133868808567604
0.00133868808567604
0.00312360553324409
0.00133868808567604
0.000892458723784025
0.00133868808567604
0.00178491744756805
0.00178491744756805
0.000892458723784025
0.00178491744756805
0.00133868808567604
0.0035698348951361
0.00490852298081214
0.00401606425702811
0.00133868808567604
0.00133868808567604
0.00133868808567604
0.00133868808567604
0.00133868808567604
0.00133868808567604
